%YAML:1.0
---
R: !!opencv-matrix
   rows: 3
   cols: 3
   dt: d
   data: [ 9.9974405614118633e-01, -2.2074739544528158e-02,
       4.9525836095578816e-03, 2.2060664082046644e-02,
       9.9975248887651114e-01, 2.8789035205304273e-03,
       -5.0149088354140385e-03, -2.7689093995055319e-03,
       9.9998359178044005e-01 ]
T: !!opencv-matrix
   rows: 3
   cols: 1
   dt: d
   data: [ -7.9852410605736154e-02, -2.6490093357332514e-03,
       -6.1133038154408898e-03 ]
reprojection_error: 4.4865095159142832e-01
orientation: vertical
calibration_time: "1970-01-01 00:12:42"
