%YAML:1.0
---
M1: !!opencv-matrix
   rows: 3
   cols: 3
   dt: d
   data: [ 5.0521269939563632e+02, 0., 3.6178715427823909e+02, 0.,
       5.0394537330503533e+02, 2.3028735857513982e+02, 0., 0., 1. ]
D1: !!opencv-matrix
   rows: 5
   cols: 1
   dt: d
   data: [ -1.7728233820697351e-01, 7.8094821012533858e-02,
       -4.3675657022059942e-04, -1.9013549329894778e-03, 0. ]
reprojection_error1: 1.7093794437200102e-01
M2: !!opencv-matrix
   rows: 3
   cols: 3
   dt: d
   data: [ 4.9422888576645443e+02, 0., 3.1238495851300712e+02, 0.,
       4.9360421365954767e+02, 2.1683511907975929e+02, 0., 0., 1. ]
D2: !!opencv-matrix
   rows: 5
   cols: 1
   dt: d
   data: [ -1.7530321912477079e-01, 7.5847804398828128e-02,
       1.0198436370752410e-03, 1.9994593390495092e-04, 0. ]
reprojection_error2: 1.5921000727865064e-01
width: 640
height: 480
distortion_model: plumb_bob
calibration_time: "1970-01-01 00:06:47"
